  0   0   0
  0   0   0
 18  10  72
  0   1  99
  0   0 100
  0   1  99
  0   0 100
  0   0 100
  0   0  99
  0   1  99
  0   1  99
  0   0 100
  1   0  99
  0   0 100
  0   1  98
  0   0 100
  0   0 100
  0   0 100
  0   1  99
  0   0 100
  0   0 100
  0   0 100
  1   0  99
  0   0   0
  0   0   0
  0   0 100
  0   1  99
  0   0 100
  8   2  91
 48   5  47
 50   3  47
 45   8  46
 50   3  47
 47   7  46
 24  16  60
 18  13  69
 19  13  69
 22  20  58
 26  15  58
 23  16  61
 22  19  59
 18  14  68
 16  14  69
 26  15  59
 25  15  60
 25  15  60
  0   0   0
  0   0   0
 24  15  61
 20  12  68
 15  14  72
 26  16  59
 22  18  60
 21  20  59
 23  17  61
 18  14  68
 15  14  70
 22  17  61
 23  15  62
 21  19  59
 21  18  62
 16  15  68
 18   9  73
 28  13  58
 22  15  63
 22  19  59
 23  18  59
 17  17  66
 15  14  70
  0   0   0
  0   0   0
 21  20  59
 23  16  61
 23  16  60
 22  17  61
 20  14  65
 15  11  74
 26  16  58
 22  18  60
 24  15  61
 23  16  61
 22  11  67
 14  13  73
 25  16  59
 23  16  61
 23  16  61
 25  16  60
 21  15  64
 12  13  74
 26  16  58
 27  16  57
 24  15  60
  0   0   0
  0   0   0
 22  22  57
 22  14  64
 17  13  71
 24  18  57
 23  18  59
 26  14  60
 23  16  61
 17  15  67
 15  15  70
 24  18  57
 24  17  59
 24  17  59
 21  20  59
 21  14  65
 15  13  72
 21  18  61
 26  12  62
 22  17  61
 25  14  62
 22  13  65
 14   9  77
  0   0   0
  0   0   0
 21  17  62
 26  16  59
 24  12  63
 24  14  61
 26   8  66
 12  11  77
 27  10  63
 26  11  63
 24  14  62
 25  13  62
 25  11  64
 15   6  78
 24  11  65
 28  11  61
 25  12  63
 31  10  59
 26   8  66
 19   5  76
 24   7  69
 24  12  63
 26  13  61
  0   0   0
  0   0   0
 24  12  64
 26  12  62
 17   4  79
 25   7  68
 26  11  63
 24  13  63
 26  10  63
 26  10  64
 18   6  75
 22   8  70
 23  14  63
 30   8  62
 25  14  61
 28   9  64
 19   4  78
 22   9  68
 25  15  60
 26  12  62
 25  17  58
 25  12  63
 19   7  74
  0   0   0
  0   0   0
 22   9  69
 27  13  60
 26   8  66
 23  11  66
